10k:

new_AVG : 0.0252554662343
old_AVG : 0.0362529145571
new_MAX : 0.0692380518286
new_SUM : 0.101021864937
old_MAX : 0.101625504758
old_SUM : 0.145011658228

5k:

new_AVG : 0.0308556465772
old_AVG : 0.0239762119408
new_MAX : 0.0810837013455
new_SUM : 0.123422586309
old_MAX : 0.0546228169475
old_SUM : 0.0959048477633

2k:

new_AVG : 0.0547978829308
old_AVG : 0.0601338305055
new_MAX : 0.136518711122
new_SUM : 0.219191531723
old_MAX : 0.181904761905
old_SUM : 0.240535322022

1k:

new_AVG : 0.0439195274327
old_AVG : 0.0549509669105
new_MAX : 0.109654033385
new_SUM : 0.175678109731
old_MAX : 0.148484848485
old_SUM : 0.219803867642

